4294967278,39
4294967278,42
4294967278,41
4294967278,40
4294967278,255
4294967278,46
4294967278,45
4294967278,44
4294967278,43
4294967278,541
4294967279,356
4294967278,540
4294967278,252
4294967278,251
21,5
4294967279,355
4294967278,249
4294967279,354
4294967278,245
4294967278,246
18,1
4294967278,243
20,2
18,5
4294967278,539
4294967278,538
4294967279,353
4294967278,178
4294967278,47
4294967279,300
4294967279,61
4294967279,59
4294967279,58
4294967279,56
4294967279,51
4294967279,49
4294967279,48
4294967279,46
4294967279,44
4294967279,43
4294967279,41
4294967279,40
4294967279,39
4294967279,37
4294967279,36
4294967279,34
4294967279,33
4294967279,32
4294967279,31
4294967279,30
4294967279,29
4294967279,28
4294967279,25
4294967279,24
4294967279,21
4294967278,177
4294967279,352
30,5
30,4
4294967279,351
4294967278,537
4294967279,350
4294967294,441
4294967294,107
4294967294,90
4294967294,86
4294967294,84
4294967294,1082
4294967294,29
4294967294,53
4294967294,393
4294967294,45
4294967294,1419
4294967294,44
4294967294,37
4294967278,536
4294967279,349
4294967278,535
4294967279,348
4294967278,169
4294967278,168
30,6
4294967278,165
4294967278,167
4294967278,166
30,3
30,2
30,1
4294967278,534
4294967294,8
4294967294,520
4294967294,97
4294967294,80
4294967294,388
4294967294,387
4294967294,429
4294967294,18
4294967294,126
4294967294,20
4294967294,13
4294967294,201
4294967294,199
4294967294,193
4294967294,192
4294967294,1032
4294967294,1029
4294967294,423
4294967294,401
4294967294,190
4294967294,176
4294967294,173
4294967294,170
4294967294,163
4294967294,162
4294967279,19
4294967279,347
4294967279,346
4294967278,533
4294967279,18
4294967279,17
4294967279,16
4294967279,15
4294967279,14
4294967279,12
4294967279,338
4294967278,525
21,4
4294967278,162
4294967294,42
4294967294,99
4294967294,76
4294967279,159
4294967278,532
4294967278,260
4294967294,6
4294967279,11
4294967279,10
15,4
4294967294,127
4294967294,426
4294967294,43
4294967294,52
4294967294,39
4294967294,40
4294967294,469
4294967294,204
4294967294,1416
4294967294,92
4294967294,88
20,4
4294967278,132
4294967278,131
4294967278,130
4294967278,129
4294967278,128
4294967278,127
4294967278,126
4294967278,125
4294967278,124
4294967278,123
4294967278,122
4294967278,121
4294967278,120
4294967278,119
4294967278,118
4294967278,117
4294967278,116
4294967278,115
4294967278,114
4294967278,113
4294967278,112
4294967278,111
4294967278,110
4294967278,109
4294967278,108
4294967278,107
4294967278,106
4294967278,105
4294967278,104
4294967278,103
4294967278,102
4294967278,101
4294967278,100
4294967278,99
4294967278,98
4294967278,97
4294967278,96
4294967278,95
4294967278,94
4294967278,93
4294967278,92
4294967278,91
4294967278,90
4294967278,89
4294967278,87
4294967278,86
4294967278,85
4294967278,84
4294967278,83
4294967278,82
4294967278,81
4294967278,80
4294967278,79
4294967278,78
4294967278,77
4294967278,76
4294967278,75
4294967278,74
4294967278,73
4294967278,72
4294967278,71
4294967278,70
4294967278,69
4294967278,68
4294967278,67
4294967278,66
4294967278,65
4294967278,64
4294967278,63
4294967278,62
4294967278,61
4294967278,60
4294967278,59
4294967278,58
4294967278,57
4294967278,56
4294967278,55
4294967278,54
4294967278,53
4294967278,52
4294967278,51
4294967278,50
4294967278,49
4294967278,48
4294967279,60
4294967279,57
4294967279,55
4294967279,54
4294967279,53
4294967279,52
4294967279,50
4294967279,47
4294967279,45
4294967279,42
4294967279,35
4294967279,26
4294967279,22
4294967279,20
4294967279,13
4294967279,327
4294967279,9
4294967279,8
4294967279,7
4294967279,6
4294967279,5
4294967279,4
4294967294,19
4294967294,106
4294967294,160
4294967294,168
28,5
28,4
4294967279,345
29,5
29,4
4294967279,344
4294967279,38
4294967279,291
4294967294,470
4294967279,343
4294967279,260
4294967279,0
4294967294,392
4294967294,46
4294967294,390
4294967294,120
4294967294,2
4294967278,531
4294967279,145
4294967294,22
29,6
4294967279,143
29,3
29,2
29,1
4294967279,142
0,7
4294967294,50
4294967294,81
4294967294,1042
4294967294,1040
4294967294,1037
4294967294,1034
4294967294,1031
4294967294,197
4294967294,196
4294967294,194
4294967294,1049
4294967294,1047
4294967294,1081
4294967294,1052
4294967294,419
4294967294,38
